1.030000000000000000e+02
1.620000000000000000e+02
2.100000000000000000e+02
2.850000000000000000e+02
3.500000000000000000e+02
3.820000000000000000e+02
4.480000000000000000e+02
5.240000000000000000e+02
5.570000000000000000e+02
5.870000000000000000e+02
6.490000000000000000e+02
7.220000000000000000e+02
8.010000000000000000e+02
8.420000000000000000e+02
9.070000000000000000e+02
9.400000000000000000e+02
9.830000000000000000e+02
1.054000000000000000e+03
1.095000000000000000e+03
1.121000000000000000e+03
1.239000000000000000e+03
1.292000000000000000e+03
1.446000000000000000e+03
1.490000000000000000e+03
1.538000000000000000e+03
1.607000000000000000e+03
1.703000000000000000e+03
1.757000000000000000e+03
1.807000000000000000e+03
1.895000000000000000e+03
1.981000000000000000e+03
2.101000000000000000e+03
2.159000000000000000e+03
2.214000000000000000e+03
2.252000000000000000e+03
2.326000000000000000e+03
2.421000000000000000e+03
2.493000000000000000e+03
2.551000000000000000e+03
2.623000000000000000e+03
2.744000000000000000e+03
2.836000000000000000e+03
2.898000000000000000e+03
2.986000000000000000e+03
3.088000000000000000e+03
3.158000000000000000e+03
3.230000000000000000e+03
3.268000000000000000e+03
3.357000000000000000e+03
3.385000000000000000e+03
3.394000000000000000e+03
3.423000000000000000e+03
3.455000000000000000e+03
3.471000000000000000e+03
3.481000000000000000e+03
3.513000000000000000e+03
3.535000000000000000e+03
3.542000000000000000e+03
3.545000000000000000e+03
3.549000000000000000e+03
3.551000000000000000e+03
3.562000000000000000e+03
3.563000000000000000e+03
3.564000000000000000e+03
3.569000000000000000e+03
3.595000000000000000e+03
3.612000000000000000e+03
3.650000000000000000e+03
3.673000000000000000e+03
3.696000000000000000e+03
3.727000000000000000e+03
3.749000000000000000e+03
3.780000000000000000e+03
3.896000000000000000e+03
3.976000000000000000e+03
4.161000000000000000e+03
4.332000000000000000e+03
4.441000000000000000e+03
4.485000000000000000e+03
4.677000000000000000e+03
4.818000000000000000e+03
5.041000000000000000e+03
5.284000000000000000e+03
5.451000000000000000e+03
5.599000000000000000e+03
5.742000000000000000e+03
5.905000000000000000e+03
6.006000000000000000e+03
6.025000000000000000e+03
6.085000000000000000e+03
6.156000000000000000e+03
6.210000000000000000e+03
6.242000000000000000e+03
6.264000000000000000e+03
6.269000000000000000e+03
6.275000000000000000e+03
6.293000000000000000e+03
6.332000000000000000e+03
6.349000000000000000e+03
6.396000000000000000e+03
6.435000000000000000e+03
6.497000000000000000e+03
6.575000000000000000e+03
6.689000000000000000e+03
6.795000000000000000e+03
6.974000000000000000e+03
7.084000000000000000e+03
7.264000000000000000e+03
7.375000000000000000e+03
7.526000000000000000e+03
7.685000000000000000e+03
7.780000000000000000e+03
7.915000000000000000e+03
8.004000000000000000e+03
8.119000000000000000e+03
8.172000000000000000e+03
8.222000000000000000e+03
8.228000000000000000e+03
8.244000000000000000e+03
8.252000000000000000e+03
8.254000000000000000e+03
8.335000000000000000e+03
8.505000000000000000e+03
8.624000000000000000e+03
8.710000000000000000e+03
8.822000000000000000e+03
8.946000000000000000e+03
9.027000000000000000e+03
9.091000000000000000e+03
9.138000000000000000e+03
9.225000000000000000e+03
9.269000000000000000e+03
9.278000000000000000e+03
9.325000000000000000e+03
9.374000000000000000e+03
9.449000000000000000e+03
9.489000000000000000e+03
9.524000000000000000e+03
9.613000000000000000e+03
9.654000000000000000e+03
9.689000000000000000e+03
9.710000000000000000e+03
9.758000000000000000e+03
9.809000000000000000e+03
9.841000000000000000e+03
9.874000000000000000e+03
9.892000000000000000e+03
1.001000000000000000e+04
1.010100000000000000e+04
1.038100000000000000e+04
1.069900000000000000e+04
1.090400000000000000e+04
1.110900000000000000e+04
1.123500000000000000e+04
1.127500000000000000e+04
1.136200000000000000e+04
1.145100000000000000e+04
1.145200000000000000e+04
1.147400000000000000e+04
1.148700000000000000e+04
1.150000000000000000e+04
1.150500000000000000e+04
1.151700000000000000e+04
1.177200000000000000e+04
1.190100000000000000e+04
1.212800000000000000e+04
1.237800000000000000e+04
1.255500000000000000e+04
1.266700000000000000e+04
1.287500000000000000e+04
1.307200000000000000e+04
1.315700000000000000e+04
1.326200000000000000e+04
1.347500000000000000e+04
1.357900000000000000e+04
1.370400000000000000e+04
1.375600000000000000e+04
1.389200000000000000e+04
1.399700000000000000e+04
1.413000000000000000e+04
1.432500000000000000e+04
1.442400000000000000e+04
1.450700000000000000e+04
1.458800000000000000e+04
1.466800000000000000e+04
1.489900000000000000e+04
1.513000000000000000e+04
1.527400000000000000e+04
1.539900000000000000e+04
1.555600000000000000e+04
1.571600000000000000e+04
1.593200000000000000e+04
1.604700000000000000e+04
1.622300000000000000e+04
1.633200000000000000e+04
1.656100000000000000e+04
1.673400000000000000e+04
1.697500000000000000e+04
1.711500000000000000e+04
1.733900000000000000e+04
1.744400000000000000e+04
1.760900000000000000e+04
1.772400000000000000e+04
1.788200000000000000e+04
1.796600000000000000e+04
1.808700000000000000e+04
1.817500000000000000e+04
1.838000000000000000e+04
1.851600000000000000e+04
1.864600000000000000e+04
1.882300000000000000e+04
1.900000000000000000e+04
1.935700000000000000e+04
1.945500000000000000e+04
1.961500000000000000e+04
1.971700000000000000e+04
1.986700000000000000e+04
2.012300000000000000e+04
2.016600000000000000e+04
2.045000000000000000e+04
2.051900000000000000e+04
2.065600000000000000e+04
2.076300000000000000e+04
2.088000000000000000e+04
2.105500000000000000e+04
2.112400000000000000e+04
2.129400000000000000e+04
2.138300000000000000e+04
2.154300000000000000e+04
2.159100000000000000e+04
2.163000000000000000e+04
2.169100000000000000e+04
2.175600000000000000e+04
2.184000000000000000e+04
2.189800000000000000e+04
2.191200000000000000e+04
2.194000000000000000e+04
2.201400000000000000e+04
2.205300000000000000e+04
2.209900000000000000e+04
2.210300000000000000e+04
2.215800000000000000e+04
2.219000000000000000e+04
2.224200000000000000e+04
2.231400000000000000e+04
2.237300000000000000e+04
2.240000000000000000e+04
2.244100000000000000e+04
2.245100000000000000e+04
2.246200000000000000e+04
2.248600000000000000e+04
2.251300000000000000e+04
2.253600000000000000e+04
2.256000000000000000e+04
2.259600000000000000e+04
2.262800000000000000e+04
2.266400000000000000e+04
2.270400000000000000e+04
2.273900000000000000e+04
2.275300000000000000e+04
2.277200000000000000e+04
2.280600000000000000e+04
2.284500000000000000e+04
2.286600000000000000e+04
2.288000000000000000e+04
2.290100000000000000e+04
2.290600000000000000e+04
2.292200000000000000e+04
2.294000000000000000e+04
2.295000000000000000e+04
2.295300000000000000e+04
2.296400000000000000e+04
2.297800000000000000e+04
2.299800000000000000e+04
2.300700000000000000e+04
2.302500000000000000e+04
2.303400000000000000e+04
2.304900000000000000e+04
2.307900000000000000e+04
2.313300000000000000e+04
2.315800000000000000e+04
2.317500000000000000e+04
2.319700000000000000e+04
2.322000000000000000e+04
2.324100000000000000e+04
2.326000000000000000e+04
2.329000000000000000e+04
2.333500000000000000e+04
2.340100000000000000e+04
2.343900000000000000e+04
2.350100000000000000e+04
2.362200000000000000e+04
2.376900000000000000e+04
2.390100000000000000e+04
2.398400000000000000e+04
2.405000000000000000e+04
2.409600000000000000e+04
2.413700000000000000e+04
2.416500000000000000e+04
2.418100000000000000e+04
2.420200000000000000e+04
2.421900000000000000e+04
2.423300000000000000e+04
2.425100000000000000e+04
2.426100000000000000e+04
2.426700000000000000e+04
2.428600000000000000e+04
2.430500000000000000e+04
2.430900000000000000e+04
2.432100000000000000e+04
2.433500000000000000e+04
2.435000000000000000e+04
2.436400000000000000e+04
2.439800000000000000e+04
2.441000000000000000e+04
2.441600000000000000e+04
2.445200000000000000e+04
2.449300000000000000e+04
2.454500000000000000e+04
2.458000000000000000e+04
2.462800000000000000e+04
2.466500000000000000e+04
2.471800000000000000e+04
2.477100000000000000e+04
2.480900000000000000e+04
2.484200000000000000e+04
2.488500000000000000e+04
2.491600000000000000e+04
2.496400000000000000e+04
2.498500000000000000e+04
2.500400000000000000e+04
2.502700000000000000e+04
2.504400000000000000e+04
2.507200000000000000e+04
2.508900000000000000e+04
2.511200000000000000e+04
2.519600000000000000e+04
2.523500000000000000e+04
2.527300000000000000e+04
2.532600000000000000e+04
2.537100000000000000e+04
2.540800000000000000e+04
2.545600000000000000e+04
2.551100000000000000e+04
2.555100000000000000e+04
2.558600000000000000e+04
2.563300000000000000e+04
2.565200000000000000e+04
2.570200000000000000e+04
2.574900000000000000e+04
2.578100000000000000e+04
2.583600000000000000e+04
2.586200000000000000e+04
2.588400000000000000e+04
2.590300000000000000e+04
2.593700000000000000e+04
2.598300000000000000e+04
2.601000000000000000e+04
2.605900000000000000e+04
2.608500000000000000e+04
2.610200000000000000e+04
2.613100000000000000e+04
2.615400000000000000e+04
2.617300000000000000e+04
2.623000000000000000e+04
2.628000000000000000e+04
2.629900000000000000e+04
2.634000000000000000e+04
2.636500000000000000e+04
2.640900000000000000e+04
2.641500000000000000e+04
2.643700000000000000e+04
2.646700000000000000e+04
2.648600000000000000e+04
2.652800000000000000e+04
2.658100000000000000e+04
2.662500000000000000e+04
2.665600000000000000e+04
2.667800000000000000e+04
2.672600000000000000e+04
2.676200000000000000e+04
2.683500000000000000e+04
2.686100000000000000e+04
2.689100000000000000e+04
2.695800000000000000e+04
2.699400000000000000e+04
2.703300000000000000e+04
2.705500000000000000e+04
2.707700000000000000e+04
2.711000000000000000e+04
2.712400000000000000e+04
2.717400000000000000e+04
2.719600000000000000e+04
2.724200000000000000e+04
2.726400000000000000e+04
2.729400000000000000e+04
2.732900000000000000e+04
2.734000000000000000e+04
2.737100000000000000e+04
2.741900000000000000e+04
2.744000000000000000e+04
2.746400000000000000e+04
2.750000000000000000e+04
2.751700000000000000e+04
2.754100000000000000e+04
2.760300000000000000e+04
2.764000000000000000e+04
2.767400000000000000e+04
2.769000000000000000e+04
2.771000000000000000e+04
2.772800000000000000e+04
2.776000000000000000e+04
2.779500000000000000e+04
2.784000000000000000e+04
2.788800000000000000e+04
2.794100000000000000e+04
2.800600000000000000e+04
2.806700000000000000e+04
2.808700000000000000e+04
2.813500000000000000e+04
2.819600000000000000e+04
2.827100000000000000e+04
2.837400000000000000e+04
2.852300000000000000e+04
2.858900000000000000e+04
2.865800000000000000e+04
2.870100000000000000e+04
2.873100000000000000e+04
2.875000000000000000e+04
2.877700000000000000e+04
2.881400000000000000e+04
2.882600000000000000e+04
2.884800000000000000e+04
2.886300000000000000e+04
2.896300000000000000e+04
2.903100000000000000e+04
2.909500000000000000e+04
2.920600000000000000e+04
2.926800000000000000e+04
2.932100000000000000e+04
2.936900000000000000e+04
2.941800000000000000e+04
2.944800000000000000e+04
2.946700000000000000e+04
2.954800000000000000e+04
2.959000000000000000e+04
2.969200000000000000e+04
2.975700000000000000e+04
2.980000000000000000e+04
2.984000000000000000e+04
2.987800000000000000e+04
2.989900000000000000e+04
2.995600000000000000e+04
3.003000000000000000e+04
3.009700000000000000e+04
3.018900000000000000e+04
3.026400000000000000e+04
3.032400000000000000e+04
3.032500000000000000e+04
3.032600000000000000e+04
