2.400000000000000000e+01
3.600000000000000000e+01
7.300000000000000000e+01
1.030000000000000000e+02
1.090000000000000000e+02
1.340000000000000000e+02
1.430000000000000000e+02
1.580000000000000000e+02
1.680000000000000000e+02
1.740000000000000000e+02
1.860000000000000000e+02
2.030000000000000000e+02
2.100000000000000000e+02
2.150000000000000000e+02
2.370000000000000000e+02
2.720000000000000000e+02
2.830000000000000000e+02
3.000000000000000000e+02
3.090000000000000000e+02
3.320000000000000000e+02
3.360000000000000000e+02
3.570000000000000000e+02
3.620000000000000000e+02
3.990000000000000000e+02
4.130000000000000000e+02
4.260000000000000000e+02
4.430000000000000000e+02
4.580000000000000000e+02
4.730000000000000000e+02
4.830000000000000000e+02
4.930000000000000000e+02
5.060000000000000000e+02
5.220000000000000000e+02
5.330000000000000000e+02
5.420000000000000000e+02
5.440000000000000000e+02
5.530000000000000000e+02
5.610000000000000000e+02
5.720000000000000000e+02
5.870000000000000000e+02
6.090000000000000000e+02
6.160000000000000000e+02
6.250000000000000000e+02
6.520000000000000000e+02
6.630000000000000000e+02
6.670000000000000000e+02
6.680000000000000000e+02
6.850000000000000000e+02
6.930000000000000000e+02
6.970000000000000000e+02
7.010000000000000000e+02
7.170000000000000000e+02
7.280000000000000000e+02
7.420000000000000000e+02
7.450000000000000000e+02
7.620000000000000000e+02
7.650000000000000000e+02
7.720000000000000000e+02
7.920000000000000000e+02
8.030000000000000000e+02
8.190000000000000000e+02
8.270000000000000000e+02
8.320000000000000000e+02
8.440000000000000000e+02
8.530000000000000000e+02
8.590000000000000000e+02
8.760000000000000000e+02
8.950000000000000000e+02
9.020000000000000000e+02
9.250000000000000000e+02
9.560000000000000000e+02
9.700000000000000000e+02
9.880000000000000000e+02
9.940000000000000000e+02
1.036000000000000000e+03
1.041000000000000000e+03
1.048000000000000000e+03
1.075000000000000000e+03
1.082000000000000000e+03
1.092000000000000000e+03
1.114000000000000000e+03
1.139000000000000000e+03
1.146000000000000000e+03
1.151000000000000000e+03
1.173000000000000000e+03
1.188000000000000000e+03
1.221000000000000000e+03
1.231000000000000000e+03
1.240000000000000000e+03
1.251000000000000000e+03
1.263000000000000000e+03
1.264000000000000000e+03
1.269000000000000000e+03
1.274000000000000000e+03
1.283000000000000000e+03
1.293000000000000000e+03
1.332000000000000000e+03
1.343000000000000000e+03
1.348000000000000000e+03
1.355000000000000000e+03
1.362000000000000000e+03
1.387000000000000000e+03
1.391000000000000000e+03
1.398000000000000000e+03
1.405000000000000000e+03
1.422000000000000000e+03
1.432000000000000000e+03
1.439000000000000000e+03
1.456000000000000000e+03
1.464000000000000000e+03
1.471000000000000000e+03
1.476000000000000000e+03
1.496000000000000000e+03
1.507000000000000000e+03
1.512000000000000000e+03
1.517000000000000000e+03
1.526000000000000000e+03
1.534000000000000000e+03
1.539000000000000000e+03
1.540000000000000000e+03
1.561000000000000000e+03
1.564000000000000000e+03
1.567000000000000000e+03
1.574000000000000000e+03
1.610000000000000000e+03
1.618000000000000000e+03
1.627000000000000000e+03
1.638000000000000000e+03
1.658000000000000000e+03
1.672000000000000000e+03
1.688000000000000000e+03
1.695000000000000000e+03
1.706000000000000000e+03
1.708000000000000000e+03
1.713000000000000000e+03
1.741000000000000000e+03
1.756000000000000000e+03
1.759000000000000000e+03
1.760000000000000000e+03
1.774000000000000000e+03
1.790000000000000000e+03
1.803000000000000000e+03
1.813000000000000000e+03
1.836000000000000000e+03
1.839000000000000000e+03
1.843000000000000000e+03
1.851000000000000000e+03
1.857000000000000000e+03
1.871000000000000000e+03
1.895000000000000000e+03
1.914000000000000000e+03
1.921000000000000000e+03
1.928000000000000000e+03
1.961000000000000000e+03
1.968000000000000000e+03
2.003000000000000000e+03
2.023000000000000000e+03
2.025000000000000000e+03
2.037000000000000000e+03
2.047000000000000000e+03
2.056000000000000000e+03
2.057000000000000000e+03
2.084000000000000000e+03
2.091000000000000000e+03
2.106000000000000000e+03
2.114000000000000000e+03
2.134000000000000000e+03
2.142000000000000000e+03
2.145000000000000000e+03
2.158000000000000000e+03
2.179000000000000000e+03
2.184000000000000000e+03
2.202000000000000000e+03
2.211000000000000000e+03
2.214000000000000000e+03
2.218000000000000000e+03
2.223000000000000000e+03
2.244000000000000000e+03
2.257000000000000000e+03
2.269000000000000000e+03
2.296000000000000000e+03
2.307000000000000000e+03
2.322000000000000000e+03
2.360000000000000000e+03
2.366000000000000000e+03
2.373000000000000000e+03
2.389000000000000000e+03
2.412000000000000000e+03
2.416000000000000000e+03
2.417000000000000000e+03
2.421000000000000000e+03
2.428000000000000000e+03
2.436000000000000000e+03
2.472000000000000000e+03
2.498000000000000000e+03
2.520000000000000000e+03
2.549000000000000000e+03
2.571000000000000000e+03
2.580000000000000000e+03
2.593000000000000000e+03
2.624000000000000000e+03
2.633000000000000000e+03
2.639000000000000000e+03
2.647000000000000000e+03
2.659000000000000000e+03
2.668000000000000000e+03
2.672000000000000000e+03
2.678000000000000000e+03
2.694000000000000000e+03
2.702000000000000000e+03
2.715000000000000000e+03
2.731000000000000000e+03
2.740000000000000000e+03
2.761000000000000000e+03
2.787000000000000000e+03
2.790000000000000000e+03
2.794000000000000000e+03
2.806000000000000000e+03
2.823000000000000000e+03
2.838000000000000000e+03
2.861000000000000000e+03
2.868000000000000000e+03
2.873000000000000000e+03
2.888000000000000000e+03
2.911000000000000000e+03
2.936000000000000000e+03
2.945000000000000000e+03
2.953000000000000000e+03
2.958000000000000000e+03
2.971000000000000000e+03
2.980000000000000000e+03
3.009000000000000000e+03
3.015000000000000000e+03
3.043000000000000000e+03
3.054000000000000000e+03
3.073000000000000000e+03
3.084000000000000000e+03
3.113000000000000000e+03
3.120000000000000000e+03
3.131000000000000000e+03
3.151000000000000000e+03
3.197000000000000000e+03
3.221000000000000000e+03
3.253000000000000000e+03
3.276000000000000000e+03
3.304000000000000000e+03
3.318000000000000000e+03
3.337000000000000000e+03
3.350000000000000000e+03
3.364000000000000000e+03
3.377000000000000000e+03
3.409000000000000000e+03
3.430000000000000000e+03
3.441000000000000000e+03
3.468000000000000000e+03
3.481000000000000000e+03
3.500000000000000000e+03
3.514000000000000000e+03
3.516000000000000000e+03
3.527000000000000000e+03
3.532000000000000000e+03
3.543000000000000000e+03
3.564000000000000000e+03
3.584000000000000000e+03
3.587000000000000000e+03
3.600000000000000000e+03
3.614000000000000000e+03
3.635000000000000000e+03
3.648000000000000000e+03
3.661000000000000000e+03
3.669000000000000000e+03
3.691000000000000000e+03
3.693000000000000000e+03
3.714000000000000000e+03
3.725000000000000000e+03
3.736000000000000000e+03
3.748000000000000000e+03
3.759000000000000000e+03
3.780000000000000000e+03
3.800000000000000000e+03
3.817000000000000000e+03
3.830000000000000000e+03
3.841000000000000000e+03
3.890000000000000000e+03
3.897000000000000000e+03
3.910000000000000000e+03
3.920000000000000000e+03
3.927000000000000000e+03
3.936000000000000000e+03
3.941000000000000000e+03
3.944000000000000000e+03
3.958000000000000000e+03
3.966000000000000000e+03
3.971000000000000000e+03
3.995000000000000000e+03
4.010000000000000000e+03
4.020000000000000000e+03
4.032000000000000000e+03
4.043000000000000000e+03
4.052000000000000000e+03
4.071000000000000000e+03
4.104000000000000000e+03
4.132000000000000000e+03
4.162000000000000000e+03
4.185000000000000000e+03
4.205000000000000000e+03
4.222000000000000000e+03
4.252000000000000000e+03
4.258000000000000000e+03
4.293000000000000000e+03
4.313000000000000000e+03
4.339000000000000000e+03
4.360000000000000000e+03
4.391000000000000000e+03
4.397000000000000000e+03
4.422000000000000000e+03
4.445000000000000000e+03
4.470000000000000000e+03
4.507000000000000000e+03
4.518000000000000000e+03
4.530000000000000000e+03
4.544000000000000000e+03
4.561000000000000000e+03
4.576000000000000000e+03
4.596000000000000000e+03
4.622000000000000000e+03
4.657000000000000000e+03
4.665000000000000000e+03
4.698000000000000000e+03
4.715000000000000000e+03
4.733000000000000000e+03
4.750000000000000000e+03
4.777000000000000000e+03
4.787000000000000000e+03
4.806000000000000000e+03
4.815000000000000000e+03
4.829000000000000000e+03
4.837000000000000000e+03
4.842000000000000000e+03
4.880000000000000000e+03
4.888000000000000000e+03
4.908000000000000000e+03
4.922000000000000000e+03
4.944000000000000000e+03
4.957000000000000000e+03
4.964000000000000000e+03
4.971000000000000000e+03
4.988000000000000000e+03
4.998000000000000000e+03
5.012000000000000000e+03
5.041000000000000000e+03
5.048000000000000000e+03
5.061000000000000000e+03
5.065000000000000000e+03
5.070000000000000000e+03
5.073000000000000000e+03
5.082000000000000000e+03
5.090000000000000000e+03
5.100000000000000000e+03
5.109000000000000000e+03
5.120000000000000000e+03
5.128000000000000000e+03
5.132000000000000000e+03
5.143000000000000000e+03
5.156000000000000000e+03
5.186000000000000000e+03
5.195000000000000000e+03
5.206000000000000000e+03
5.219000000000000000e+03
5.238000000000000000e+03
5.254000000000000000e+03
5.292000000000000000e+03
5.306000000000000000e+03
5.322000000000000000e+03
5.360000000000000000e+03
5.368000000000000000e+03
5.389000000000000000e+03
5.402000000000000000e+03
5.416000000000000000e+03
5.423000000000000000e+03
5.430000000000000000e+03
5.434000000000000000e+03
5.450000000000000000e+03
5.457000000000000000e+03
5.483000000000000000e+03
5.497000000000000000e+03
5.503000000000000000e+03
5.506000000000000000e+03
5.522000000000000000e+03
5.531000000000000000e+03
5.544000000000000000e+03
5.556000000000000000e+03
5.571000000000000000e+03
5.585000000000000000e+03
5.595000000000000000e+03
5.604000000000000000e+03
5.627000000000000000e+03
5.644000000000000000e+03
5.651000000000000000e+03
5.671000000000000000e+03
5.678000000000000000e+03
5.679000000000000000e+03
5.731000000000000000e+03
5.753000000000000000e+03
5.761000000000000000e+03
5.774000000000000000e+03
5.792000000000000000e+03
5.809000000000000000e+03
5.810000000000000000e+03
5.812000000000000000e+03
5.830000000000000000e+03
5.856000000000000000e+03
5.864000000000000000e+03
5.903000000000000000e+03
5.909000000000000000e+03
5.925000000000000000e+03
5.933000000000000000e+03
5.951000000000000000e+03
5.976000000000000000e+03
6.000000000000000000e+03
6.023000000000000000e+03
6.038000000000000000e+03
6.053000000000000000e+03
6.066000000000000000e+03
6.079000000000000000e+03
6.087000000000000000e+03
6.127000000000000000e+03
6.130000000000000000e+03
6.139000000000000000e+03
6.167000000000000000e+03
6.176000000000000000e+03
6.185000000000000000e+03
6.189000000000000000e+03
6.195000000000000000e+03
6.199000000000000000e+03
6.207000000000000000e+03
6.214000000000000000e+03
6.226000000000000000e+03
6.232000000000000000e+03
6.248000000000000000e+03
6.258000000000000000e+03
6.302000000000000000e+03
6.338000000000000000e+03
6.353000000000000000e+03
6.383000000000000000e+03
6.413000000000000000e+03
6.450000000000000000e+03
6.456000000000000000e+03
6.491000000000000000e+03
6.519000000000000000e+03
6.536000000000000000e+03
6.560000000000000000e+03
6.608000000000000000e+03
6.642000000000000000e+03
6.670000000000000000e+03
6.703000000000000000e+03
6.762000000000000000e+03
6.786000000000000000e+03
6.803000000000000000e+03
6.841000000000000000e+03
6.886000000000000000e+03
6.908000000000000000e+03
6.935000000000000000e+03
6.985000000000000000e+03
7.011000000000000000e+03
7.073000000000000000e+03
7.074000000000000000e+03
7.105000000000000000e+03
7.139000000000000000e+03
7.152000000000000000e+03
7.179000000000000000e+03
7.188000000000000000e+03
7.226000000000000000e+03
7.286000000000000000e+03
7.295000000000000000e+03
7.337000000000000000e+03
7.372000000000000000e+03
7.387000000000000000e+03
7.413000000000000000e+03
7.460000000000000000e+03
7.496000000000000000e+03
7.533000000000000000e+03
7.601000000000000000e+03
7.650000000000000000e+03
7.704000000000000000e+03
7.751000000000000000e+03
7.825000000000000000e+03
7.834000000000000000e+03
7.886000000000000000e+03
7.908000000000000000e+03
7.996000000000000000e+03
8.034000000000000000e+03
8.061000000000000000e+03
8.119000000000000000e+03
8.179000000000000000e+03
8.204000000000000000e+03
8.254000000000000000e+03
8.309000000000000000e+03
8.363000000000000000e+03
8.413000000000000000e+03
8.430000000000000000e+03
8.460000000000000000e+03
8.475000000000000000e+03
8.521000000000000000e+03
8.554000000000000000e+03
8.580000000000000000e+03
8.631000000000000000e+03
8.651000000000000000e+03
8.701000000000000000e+03
8.771000000000000000e+03
8.797000000000000000e+03
8.824000000000000000e+03
8.875000000000000000e+03
8.908000000000000000e+03
8.980000000000000000e+03
8.998000000000000000e+03
9.049000000000000000e+03
9.111000000000000000e+03
9.135000000000000000e+03
9.165000000000000000e+03
9.207000000000000000e+03
9.229000000000000000e+03
9.270000000000000000e+03
9.302000000000000000e+03
9.333000000000000000e+03
9.371000000000000000e+03
9.386000000000000000e+03
9.398000000000000000e+03
9.441000000000000000e+03
9.477000000000000000e+03
9.502000000000000000e+03
9.590000000000000000e+03
9.630000000000000000e+03
9.665000000000000000e+03
9.701000000000000000e+03
9.734000000000000000e+03
9.750000000000000000e+03
9.778000000000000000e+03
9.805000000000000000e+03
9.843000000000000000e+03
9.869000000000000000e+03
9.873000000000000000e+03
9.888000000000000000e+03
9.896000000000000000e+03
9.933000000000000000e+03
9.959000000000000000e+03
1.000100000000000000e+04
1.003800000000000000e+04
1.008400000000000000e+04
1.009900000000000000e+04
1.018600000000000000e+04
1.020300000000000000e+04
1.021100000000000000e+04
1.022800000000000000e+04
1.025000000000000000e+04
1.027800000000000000e+04
1.028700000000000000e+04
1.034000000000000000e+04
1.034900000000000000e+04
1.036700000000000000e+04
1.039500000000000000e+04
1.045100000000000000e+04
1.046800000000000000e+04
1.049400000000000000e+04
1.050200000000000000e+04
1.053900000000000000e+04
1.059000000000000000e+04
1.059700000000000000e+04
1.062900000000000000e+04
1.068300000000000000e+04
1.070800000000000000e+04
1.071800000000000000e+04
1.076500000000000000e+04
1.082400000000000000e+04
1.083600000000000000e+04
1.084100000000000000e+04
1.086900000000000000e+04
1.088300000000000000e+04
1.090900000000000000e+04
1.094900000000000000e+04
1.097100000000000000e+04
1.099200000000000000e+04
1.100300000000000000e+04
1.102300000000000000e+04
1.107500000000000000e+04
1.108600000000000000e+04
1.111700000000000000e+04
1.116700000000000000e+04
1.117300000000000000e+04
1.120700000000000000e+04
1.123800000000000000e+04
1.125600000000000000e+04
1.128700000000000000e+04
1.129400000000000000e+04
1.132300000000000000e+04
1.135500000000000000e+04
1.137900000000000000e+04
1.141300000000000000e+04
1.143100000000000000e+04
1.146100000000000000e+04
1.148000000000000000e+04
1.150800000000000000e+04
1.154200000000000000e+04
1.157500000000000000e+04
1.160600000000000000e+04
1.161900000000000000e+04
1.164100000000000000e+04
1.165000000000000000e+04
1.168300000000000000e+04
1.169300000000000000e+04
1.172500000000000000e+04
1.173200000000000000e+04
1.177500000000000000e+04
1.179700000000000000e+04
1.184000000000000000e+04
1.185700000000000000e+04
1.187800000000000000e+04
1.189900000000000000e+04
1.192600000000000000e+04
1.194800000000000000e+04
1.197700000000000000e+04
1.201200000000000000e+04
1.205100000000000000e+04
1.207100000000000000e+04
1.211100000000000000e+04
1.216000000000000000e+04
1.219700000000000000e+04
1.223700000000000000e+04
1.225900000000000000e+04
1.227900000000000000e+04
1.233700000000000000e+04
1.236900000000000000e+04
1.239300000000000000e+04
1.242000000000000000e+04
1.244700000000000000e+04
1.247900000000000000e+04
1.250400000000000000e+04
1.253300000000000000e+04
1.255800000000000000e+04
1.260400000000000000e+04
1.263500000000000000e+04
1.266300000000000000e+04
1.269600000000000000e+04
1.272300000000000000e+04
1.275600000000000000e+04
1.281100000000000000e+04
1.287500000000000000e+04
1.290400000000000000e+04
1.291800000000000000e+04
1.295900000000000000e+04
1.300000000000000000e+04
1.303600000000000000e+04
1.308000000000000000e+04
1.310700000000000000e+04
1.311900000000000000e+04
1.314000000000000000e+04
1.315800000000000000e+04
1.318200000000000000e+04
1.319800000000000000e+04
1.322500000000000000e+04
1.326200000000000000e+04
1.326600000000000000e+04
1.328200000000000000e+04
1.332200000000000000e+04
1.335200000000000000e+04
1.338700000000000000e+04
1.342900000000000000e+04
1.343200000000000000e+04
1.343900000000000000e+04
1.345200000000000000e+04
1.346200000000000000e+04
1.349000000000000000e+04
1.349700000000000000e+04
1.351300000000000000e+04
1.352600000000000000e+04
1.353200000000000000e+04
1.353800000000000000e+04
1.356200000000000000e+04
1.360200000000000000e+04
1.363400000000000000e+04
1.364800000000000000e+04
1.365800000000000000e+04
1.367100000000000000e+04
1.368300000000000000e+04
1.372000000000000000e+04
1.375800000000000000e+04
1.378500000000000000e+04
1.382200000000000000e+04
1.383400000000000000e+04
1.385500000000000000e+04
1.387400000000000000e+04
1.390100000000000000e+04
1.392600000000000000e+04
1.394300000000000000e+04
1.396500000000000000e+04
1.397500000000000000e+04
1.399600000000000000e+04
1.402300000000000000e+04
1.402600000000000000e+04
1.403500000000000000e+04
1.406900000000000000e+04
1.409000000000000000e+04
1.412300000000000000e+04
1.415000000000000000e+04
1.417200000000000000e+04
1.418500000000000000e+04
1.422000000000000000e+04
1.427100000000000000e+04
1.430400000000000000e+04
1.438400000000000000e+04
1.444200000000000000e+04
1.448100000000000000e+04
1.449300000000000000e+04
1.452000000000000000e+04
1.454100000000000000e+04
1.461300000000000000e+04
1.475200000000000000e+04
1.482900000000000000e+04
1.488200000000000000e+04
1.492900000000000000e+04
1.494700000000000000e+04
1.500500000000000000e+04
1.507700000000000000e+04
1.516500000000000000e+04
1.532300000000000000e+04
1.541500000000000000e+04
1.546900000000000000e+04
1.553400000000000000e+04
1.557300000000000000e+04
1.560800000000000000e+04
1.565400000000000000e+04
1.574000000000000000e+04
1.575300000000000000e+04
1.578700000000000000e+04
1.583300000000000000e+04
1.592900000000000000e+04
1.600400000000000000e+04
1.605400000000000000e+04
1.611000000000000000e+04
1.624100000000000000e+04
1.625400000000000000e+04
1.636500000000000000e+04
1.643800000000000000e+04
1.654900000000000000e+04
1.659500000000000000e+04
1.661600000000000000e+04
1.669600000000000000e+04
1.682600000000000000e+04
1.688800000000000000e+04
1.694600000000000000e+04
1.702100000000000000e+04
1.706300000000000000e+04
1.713600000000000000e+04
1.717900000000000000e+04
1.719100000000000000e+04
1.722800000000000000e+04
1.730600000000000000e+04
1.732900000000000000e+04
1.734700000000000000e+04
1.736600000000000000e+04
1.738800000000000000e+04
1.741300000000000000e+04
1.744900000000000000e+04
1.753700000000000000e+04
1.754600000000000000e+04
1.759200000000000000e+04
1.759700000000000000e+04
1.763300000000000000e+04
1.765000000000000000e+04
1.770600000000000000e+04
1.779500000000000000e+04
1.783900000000000000e+04
1.791200000000000000e+04
1.792800000000000000e+04
1.798200000000000000e+04
1.803500000000000000e+04
1.806000000000000000e+04
1.821500000000000000e+04
1.826700000000000000e+04
1.831400000000000000e+04
1.837400000000000000e+04
1.851000000000000000e+04
1.862900000000000000e+04
1.868300000000000000e+04
1.872200000000000000e+04
1.875000000000000000e+04
1.876800000000000000e+04
1.881600000000000000e+04
1.887400000000000000e+04
1.892900000000000000e+04
1.901800000000000000e+04
1.904000000000000000e+04
1.907200000000000000e+04
1.908800000000000000e+04
1.910100000000000000e+04
1.912800000000000000e+04
1.915800000000000000e+04
1.920200000000000000e+04
1.927100000000000000e+04
1.930700000000000000e+04
1.931700000000000000e+04
1.935700000000000000e+04
1.942300000000000000e+04
1.945800000000000000e+04
1.948800000000000000e+04
1.955100000000000000e+04
1.960200000000000000e+04
1.961900000000000000e+04
1.963800000000000000e+04
1.970700000000000000e+04
1.978600000000000000e+04
1.980500000000000000e+04
1.984800000000000000e+04
1.988300000000000000e+04
1.996000000000000000e+04
2.004700000000000000e+04
2.011100000000000000e+04
2.014900000000000000e+04
2.018300000000000000e+04
2.021800000000000000e+04
2.029700000000000000e+04
2.030600000000000000e+04
2.036900000000000000e+04
2.042000000000000000e+04
2.048100000000000000e+04
2.058300000000000000e+04
2.071700000000000000e+04
2.074900000000000000e+04
2.085600000000000000e+04
2.092200000000000000e+04
2.094600000000000000e+04
2.095500000000000000e+04
2.099600000000000000e+04
2.107800000000000000e+04
2.116600000000000000e+04
2.118600000000000000e+04
2.125100000000000000e+04
2.128600000000000000e+04
2.134200000000000000e+04
2.135700000000000000e+04
2.141400000000000000e+04
2.146300000000000000e+04
2.153500000000000000e+04
2.159200000000000000e+04
2.161200000000000000e+04
2.164700000000000000e+04
2.167200000000000000e+04
2.171300000000000000e+04
2.176900000000000000e+04
2.183500000000000000e+04
2.191800000000000000e+04
2.196500000000000000e+04
2.204300000000000000e+04
2.209300000000000000e+04
2.213000000000000000e+04
2.215600000000000000e+04
2.217100000000000000e+04
2.221000000000000000e+04
2.226800000000000000e+04
2.233700000000000000e+04
2.235100000000000000e+04
2.237400000000000000e+04
2.240700000000000000e+04
2.247900000000000000e+04
2.250900000000000000e+04
2.254200000000000000e+04
2.263600000000000000e+04
2.267000000000000000e+04
2.269200000000000000e+04
2.275400000000000000e+04
2.285600000000000000e+04
2.291800000000000000e+04
2.296900000000000000e+04
2.302900000000000000e+04
2.307700000000000000e+04
2.312800000000000000e+04
2.318000000000000000e+04
2.322700000000000000e+04
2.329700000000000000e+04
2.340600000000000000e+04
2.345400000000000000e+04
2.347800000000000000e+04
2.353000000000000000e+04
2.355600000000000000e+04
2.358800000000000000e+04
2.361300000000000000e+04
2.366000000000000000e+04
2.368700000000000000e+04
2.376000000000000000e+04
2.384400000000000000e+04
2.391600000000000000e+04
2.398000000000000000e+04
2.403600000000000000e+04
2.406100000000000000e+04
2.415100000000000000e+04
2.417800000000000000e+04
2.418700000000000000e+04
2.419700000000000000e+04
2.423000000000000000e+04
2.427900000000000000e+04
2.432300000000000000e+04
2.435200000000000000e+04
2.440200000000000000e+04
2.443500000000000000e+04
2.446100000000000000e+04
2.448400000000000000e+04
2.451300000000000000e+04
2.455700000000000000e+04
2.466200000000000000e+04
2.468200000000000000e+04
2.469600000000000000e+04
2.474400000000000000e+04
2.481200000000000000e+04
2.483400000000000000e+04
2.483900000000000000e+04
2.489300000000000000e+04
2.496300000000000000e+04
2.497400000000000000e+04
2.502100000000000000e+04
2.505900000000000000e+04
2.506600000000000000e+04
2.512000000000000000e+04
2.515300000000000000e+04
2.516600000000000000e+04
2.517800000000000000e+04
2.525100000000000000e+04
2.528800000000000000e+04
2.532300000000000000e+04
2.536200000000000000e+04
2.537300000000000000e+04
2.541300000000000000e+04
2.546500000000000000e+04
2.550700000000000000e+04
2.553500000000000000e+04
2.555800000000000000e+04
2.563600000000000000e+04
2.567300000000000000e+04
2.568200000000000000e+04
2.571300000000000000e+04
2.573300000000000000e+04
2.574400000000000000e+04
2.577500000000000000e+04
2.590800000000000000e+04
2.591300000000000000e+04
2.595400000000000000e+04
2.598300000000000000e+04
2.601000000000000000e+04
2.607200000000000000e+04
2.612800000000000000e+04
2.617900000000000000e+04
2.625500000000000000e+04
2.630800000000000000e+04
2.637200000000000000e+04
2.641700000000000000e+04
2.642000000000000000e+04
2.642800000000000000e+04
2.644000000000000000e+04
2.653300000000000000e+04
2.657200000000000000e+04
2.660800000000000000e+04
2.664100000000000000e+04
2.666700000000000000e+04
2.667200000000000000e+04
2.667300000000000000e+04
2.674800000000000000e+04
2.678400000000000000e+04
2.682100000000000000e+04
2.684700000000000000e+04
2.690700000000000000e+04
2.700000000000000000e+04
2.704700000000000000e+04
2.709300000000000000e+04
2.713500000000000000e+04
2.716200000000000000e+04
2.717700000000000000e+04
2.724100000000000000e+04
2.725200000000000000e+04
2.725500000000000000e+04
2.731800000000000000e+04
2.737700000000000000e+04
2.739200000000000000e+04
2.749600000000000000e+04
2.753900000000000000e+04
2.757400000000000000e+04
2.758400000000000000e+04
2.758500000000000000e+04
2.762600000000000000e+04
2.765200000000000000e+04
2.770900000000000000e+04
2.772800000000000000e+04
2.773100000000000000e+04
2.774500000000000000e+04
2.779200000000000000e+04
2.781800000000000000e+04
2.783100000000000000e+04
2.784600000000000000e+04
2.786800000000000000e+04
2.789600000000000000e+04
2.792600000000000000e+04
2.796100000000000000e+04
2.796300000000000000e+04
2.798400000000000000e+04
2.802400000000000000e+04
2.805100000000000000e+04
2.805800000000000000e+04
2.808700000000000000e+04
2.810100000000000000e+04
2.811400000000000000e+04
2.813300000000000000e+04
2.814100000000000000e+04
2.816300000000000000e+04
2.818100000000000000e+04
2.820800000000000000e+04
2.826800000000000000e+04
2.830000000000000000e+04
2.830900000000000000e+04
2.833200000000000000e+04
2.834600000000000000e+04
2.838900000000000000e+04
2.840100000000000000e+04
2.843000000000000000e+04
2.845800000000000000e+04
2.847100000000000000e+04
2.847800000000000000e+04
2.848800000000000000e+04
2.852300000000000000e+04
2.852900000000000000e+04
2.855800000000000000e+04
2.859400000000000000e+04
2.869800000000000000e+04
2.872400000000000000e+04
2.874300000000000000e+04
2.875100000000000000e+04
2.875500000000000000e+04
2.877800000000000000e+04
2.882000000000000000e+04
2.886000000000000000e+04
2.890300000000000000e+04
2.899000000000000000e+04
2.900300000000000000e+04
2.901700000000000000e+04
2.904300000000000000e+04
2.909100000000000000e+04
2.912000000000000000e+04
2.913600000000000000e+04
2.915600000000000000e+04
2.917500000000000000e+04
2.920900000000000000e+04
2.921500000000000000e+04
2.925600000000000000e+04
2.927800000000000000e+04
2.929300000000000000e+04
2.932600000000000000e+04
2.933200000000000000e+04
2.934200000000000000e+04
2.934500000000000000e+04
2.936800000000000000e+04
2.938300000000000000e+04
2.939700000000000000e+04
2.944800000000000000e+04
2.948000000000000000e+04
2.953500000000000000e+04
2.957900000000000000e+04
2.963200000000000000e+04
2.966700000000000000e+04
2.970400000000000000e+04
2.974700000000000000e+04
2.975800000000000000e+04
2.977100000000000000e+04
2.981300000000000000e+04
2.987000000000000000e+04
2.988200000000000000e+04
2.991200000000000000e+04
2.993900000000000000e+04
2.996900000000000000e+04
2.999800000000000000e+04
3.001100000000000000e+04
3.001800000000000000e+04
3.003200000000000000e+04
3.005700000000000000e+04
3.008100000000000000e+04
3.013200000000000000e+04
3.014300000000000000e+04
3.015900000000000000e+04
3.016700000000000000e+04
3.019000000000000000e+04
3.019600000000000000e+04
3.023400000000000000e+04
3.025800000000000000e+04
3.026600000000000000e+04
3.030800000000000000e+04
3.033600000000000000e+04
3.034200000000000000e+04
3.035200000000000000e+04
3.036300000000000000e+04
3.038600000000000000e+04
3.039600000000000000e+04
3.040500000000000000e+04
3.043900000000000000e+04
3.045900000000000000e+04
3.046800000000000000e+04
3.047500000000000000e+04
3.050600000000000000e+04
3.051600000000000000e+04
3.052900000000000000e+04
3.054200000000000000e+04
3.056800000000000000e+04
3.057500000000000000e+04
3.058500000000000000e+04
3.059400000000000000e+04
3.062800000000000000e+04
3.063600000000000000e+04
3.068700000000000000e+04
3.073100000000000000e+04
3.078600000000000000e+04
3.080400000000000000e+04
3.082500000000000000e+04
3.085600000000000000e+04
3.086800000000000000e+04
3.088100000000000000e+04
3.092500000000000000e+04
3.094400000000000000e+04
3.096000000000000000e+04
3.096900000000000000e+04
3.101200000000000000e+04
3.101500000000000000e+04
3.102500000000000000e+04
3.102600000000000000e+04
3.103300000000000000e+04
3.104000000000000000e+04
3.106600000000000000e+04
3.107300000000000000e+04
3.108800000000000000e+04
3.109500000000000000e+04
3.111200000000000000e+04
3.112800000000000000e+04
3.113500000000000000e+04
3.115100000000000000e+04
3.115700000000000000e+04
3.116600000000000000e+04
3.118800000000000000e+04
3.119000000000000000e+04
3.119200000000000000e+04
3.120500000000000000e+04
3.120900000000000000e+04
3.121100000000000000e+04
3.123000000000000000e+04
3.123600000000000000e+04
3.123800000000000000e+04
3.124100000000000000e+04
3.126000000000000000e+04
3.127100000000000000e+04
3.127300000000000000e+04
3.128200000000000000e+04
3.128700000000000000e+04
3.130400000000000000e+04
3.131100000000000000e+04
3.132200000000000000e+04
3.133100000000000000e+04
3.133900000000000000e+04
3.134200000000000000e+04
3.136100000000000000e+04
3.137800000000000000e+04
3.140200000000000000e+04
3.141300000000000000e+04
3.143000000000000000e+04
3.143500000000000000e+04
3.144200000000000000e+04
3.144900000000000000e+04
3.146400000000000000e+04
3.147600000000000000e+04
3.147900000000000000e+04
3.149600000000000000e+04
3.150900000000000000e+04
3.152000000000000000e+04
3.152700000000000000e+04
3.154400000000000000e+04
3.155900000000000000e+04
3.157300000000000000e+04
3.160700000000000000e+04
3.162600000000000000e+04
3.163800000000000000e+04
3.165900000000000000e+04
3.166600000000000000e+04
3.168800000000000000e+04
3.171000000000000000e+04
3.175500000000000000e+04
3.176800000000000000e+04
3.179500000000000000e+04
3.179900000000000000e+04
3.180400000000000000e+04
3.183900000000000000e+04
3.186400000000000000e+04
3.190000000000000000e+04
3.192000000000000000e+04
3.197400000000000000e+04
3.201100000000000000e+04
3.201600000000000000e+04
3.202900000000000000e+04
3.209300000000000000e+04
3.212700000000000000e+04
3.213700000000000000e+04
3.215300000000000000e+04
3.215800000000000000e+04
3.219000000000000000e+04
3.220200000000000000e+04
3.221400000000000000e+04
3.223900000000000000e+04
3.225500000000000000e+04
3.227600000000000000e+04
3.229400000000000000e+04
3.231000000000000000e+04
3.235100000000000000e+04
3.236400000000000000e+04
3.237900000000000000e+04
3.239000000000000000e+04
3.241300000000000000e+04
3.242900000000000000e+04
3.244100000000000000e+04
3.246000000000000000e+04
3.246600000000000000e+04
3.248000000000000000e+04
3.250600000000000000e+04
3.253400000000000000e+04
3.255400000000000000e+04
3.257300000000000000e+04
3.258700000000000000e+04
3.259600000000000000e+04
3.260800000000000000e+04
3.262200000000000000e+04
3.263100000000000000e+04
3.265900000000000000e+04
3.268000000000000000e+04
3.269000000000000000e+04
3.269400000000000000e+04
3.270300000000000000e+04
3.270400000000000000e+04
3.270700000000000000e+04
3.278600000000000000e+04
3.279600000000000000e+04
3.283200000000000000e+04
3.284600000000000000e+04
3.287500000000000000e+04
3.288300000000000000e+04
3.291000000000000000e+04
3.295500000000000000e+04
3.296600000000000000e+04
3.300100000000000000e+04
3.302900000000000000e+04
3.304400000000000000e+04
3.305800000000000000e+04
3.306600000000000000e+04
3.308400000000000000e+04
3.311200000000000000e+04
3.312100000000000000e+04
3.313600000000000000e+04
3.315400000000000000e+04
3.316800000000000000e+04
3.318300000000000000e+04
3.320600000000000000e+04
3.322100000000000000e+04
3.324500000000000000e+04
3.331700000000000000e+04
3.334500000000000000e+04
3.337000000000000000e+04
3.338200000000000000e+04
3.342100000000000000e+04
3.342900000000000000e+04
3.344800000000000000e+04
3.347600000000000000e+04
3.348700000000000000e+04
3.350000000000000000e+04
3.350800000000000000e+04
3.351800000000000000e+04
3.353200000000000000e+04
3.353800000000000000e+04
3.355000000000000000e+04
3.356800000000000000e+04
3.358100000000000000e+04
3.359800000000000000e+04
3.360600000000000000e+04
3.361800000000000000e+04
3.362400000000000000e+04
3.363000000000000000e+04
3.363900000000000000e+04
3.365200000000000000e+04
3.365500000000000000e+04
3.366600000000000000e+04
3.367900000000000000e+04
3.369100000000000000e+04
3.369800000000000000e+04
3.370900000000000000e+04
3.371900000000000000e+04
3.375900000000000000e+04
3.376600000000000000e+04
3.377800000000000000e+04
3.378200000000000000e+04
3.378900000000000000e+04
3.379300000000000000e+04
3.380400000000000000e+04
3.381000000000000000e+04
3.381900000000000000e+04
3.382400000000000000e+04
3.383300000000000000e+04
3.384100000000000000e+04
3.385600000000000000e+04
3.387300000000000000e+04
3.388000000000000000e+04
3.388300000000000000e+04
3.389300000000000000e+04
3.391300000000000000e+04
3.392000000000000000e+04
3.393900000000000000e+04
3.394500000000000000e+04
3.395000000000000000e+04
3.395900000000000000e+04
3.397300000000000000e+04
3.400000000000000000e+04
3.400300000000000000e+04
3.401200000000000000e+04
3.402800000000000000e+04
3.404000000000000000e+04
3.405100000000000000e+04
3.406400000000000000e+04
3.406900000000000000e+04
3.407400000000000000e+04
3.408100000000000000e+04
3.409100000000000000e+04
3.409400000000000000e+04
3.410100000000000000e+04
3.411600000000000000e+04
3.413400000000000000e+04
3.416700000000000000e+04
3.418200000000000000e+04
3.419500000000000000e+04
3.420100000000000000e+04
3.421200000000000000e+04
3.422600000000000000e+04
3.423100000000000000e+04
3.424400000000000000e+04
3.425200000000000000e+04
3.426400000000000000e+04
3.428200000000000000e+04
3.429200000000000000e+04
3.431700000000000000e+04
3.434100000000000000e+04
3.434300000000000000e+04
3.434800000000000000e+04
3.436800000000000000e+04
3.437200000000000000e+04
3.438700000000000000e+04
3.438900000000000000e+04
3.439300000000000000e+04
3.440000000000000000e+04
3.443500000000000000e+04
3.445200000000000000e+04
3.446200000000000000e+04
3.447300000000000000e+04
3.450100000000000000e+04
3.450400000000000000e+04
3.451200000000000000e+04
3.451500000000000000e+04
3.453400000000000000e+04
3.455700000000000000e+04
3.457000000000000000e+04
3.458500000000000000e+04
3.460200000000000000e+04
3.460900000000000000e+04
3.461300000000000000e+04
3.461800000000000000e+04
3.465300000000000000e+04
3.467400000000000000e+04
3.468400000000000000e+04
3.470500000000000000e+04
3.471500000000000000e+04
3.472000000000000000e+04
3.472800000000000000e+04
3.473800000000000000e+04
3.475300000000000000e+04
3.476500000000000000e+04
3.477200000000000000e+04
3.478300000000000000e+04
3.479300000000000000e+04
3.481200000000000000e+04
3.481900000000000000e+04
3.482700000000000000e+04
3.483200000000000000e+04
3.485500000000000000e+04
3.486400000000000000e+04
3.488300000000000000e+04
3.489100000000000000e+04
3.490700000000000000e+04
3.492700000000000000e+04
3.494700000000000000e+04
3.495700000000000000e+04
3.497100000000000000e+04
3.499900000000000000e+04
3.501600000000000000e+04
3.502800000000000000e+04
3.504600000000000000e+04
3.506300000000000000e+04
3.508200000000000000e+04
3.509300000000000000e+04
3.510800000000000000e+04
3.512400000000000000e+04
3.514100000000000000e+04
3.517300000000000000e+04
3.518900000000000000e+04
3.519700000000000000e+04
3.522300000000000000e+04
3.523600000000000000e+04
3.525800000000000000e+04
3.527300000000000000e+04
3.528800000000000000e+04
3.531700000000000000e+04
3.533200000000000000e+04
3.533800000000000000e+04
3.536300000000000000e+04
3.537200000000000000e+04
3.539900000000000000e+04
3.542100000000000000e+04
3.543300000000000000e+04
3.545600000000000000e+04
3.546200000000000000e+04
3.547100000000000000e+04
3.549700000000000000e+04
3.551800000000000000e+04
3.553200000000000000e+04
3.555900000000000000e+04
3.556800000000000000e+04
3.558400000000000000e+04
3.559800000000000000e+04
3.561100000000000000e+04
3.563100000000000000e+04
3.564900000000000000e+04
3.567200000000000000e+04
3.569300000000000000e+04
3.571400000000000000e+04
3.574400000000000000e+04
3.575100000000000000e+04
3.575900000000000000e+04
3.577400000000000000e+04
3.578800000000000000e+04
3.580600000000000000e+04
3.581700000000000000e+04
3.582200000000000000e+04
3.584100000000000000e+04
3.585100000000000000e+04
3.586200000000000000e+04
3.587100000000000000e+04
3.588400000000000000e+04
3.590200000000000000e+04
3.592200000000000000e+04
3.594000000000000000e+04
3.597300000000000000e+04
3.599000000000000000e+04
3.601600000000000000e+04
3.602700000000000000e+04
3.604200000000000000e+04
3.606100000000000000e+04
3.608000000000000000e+04
3.609300000000000000e+04
3.612700000000000000e+04
3.613900000000000000e+04
3.615100000000000000e+04
3.616400000000000000e+04
3.618700000000000000e+04
3.620800000000000000e+04
3.623200000000000000e+04
3.625800000000000000e+04
3.628100000000000000e+04
3.629800000000000000e+04
3.631800000000000000e+04
3.633300000000000000e+04
3.635300000000000000e+04
3.636200000000000000e+04
3.638100000000000000e+04
3.638900000000000000e+04
3.640700000000000000e+04
3.643400000000000000e+04
3.645200000000000000e+04
3.648000000000000000e+04
3.649100000000000000e+04
3.650400000000000000e+04
3.653800000000000000e+04
3.655000000000000000e+04
3.656000000000000000e+04
3.657400000000000000e+04
3.658000000000000000e+04
3.659200000000000000e+04
3.659500000000000000e+04
3.661800000000000000e+04
3.662100000000000000e+04
3.662700000000000000e+04
3.665500000000000000e+04
3.667000000000000000e+04
3.668700000000000000e+04
3.671000000000000000e+04
3.672200000000000000e+04
3.672600000000000000e+04
3.672900000000000000e+04
3.674200000000000000e+04
3.679200000000000000e+04
3.680100000000000000e+04
3.680800000000000000e+04
3.682500000000000000e+04
3.683200000000000000e+04
3.683700000000000000e+04
3.683800000000000000e+04
3.684300000000000000e+04
3.685500000000000000e+04
3.687600000000000000e+04
3.688400000000000000e+04
3.688900000000000000e+04
3.690100000000000000e+04
3.690800000000000000e+04
3.691700000000000000e+04
3.693400000000000000e+04
3.695500000000000000e+04
3.696600000000000000e+04
3.697000000000000000e+04
3.697300000000000000e+04
3.700100000000000000e+04
3.700300000000000000e+04
3.700600000000000000e+04
3.700900000000000000e+04
3.701600000000000000e+04
3.702500000000000000e+04
3.703000000000000000e+04
3.704100000000000000e+04
3.705600000000000000e+04
3.706000000000000000e+04
3.707200000000000000e+04
3.708400000000000000e+04
3.710900000000000000e+04
3.713100000000000000e+04
3.714100000000000000e+04
3.715200000000000000e+04
3.717300000000000000e+04
3.718300000000000000e+04
3.720200000000000000e+04
3.721700000000000000e+04
3.723300000000000000e+04
3.724200000000000000e+04
3.725800000000000000e+04
3.727800000000000000e+04
3.728700000000000000e+04
3.730000000000000000e+04
3.730800000000000000e+04
3.731200000000000000e+04
3.732200000000000000e+04
3.732600000000000000e+04
3.734100000000000000e+04
3.736300000000000000e+04
3.736700000000000000e+04
3.737200000000000000e+04
3.738500000000000000e+04
3.739400000000000000e+04
3.741800000000000000e+04
3.742100000000000000e+04
3.743400000000000000e+04
3.745900000000000000e+04
3.746800000000000000e+04
3.748500000000000000e+04
3.749700000000000000e+04
3.750700000000000000e+04
3.753100000000000000e+04
3.753900000000000000e+04
3.755100000000000000e+04
3.755700000000000000e+04
3.756900000000000000e+04
3.759400000000000000e+04
3.760500000000000000e+04
3.761900000000000000e+04
3.763100000000000000e+04
3.766800000000000000e+04
3.773600000000000000e+04
3.774400000000000000e+04
3.775400000000000000e+04
3.776400000000000000e+04
3.778200000000000000e+04
3.779700000000000000e+04
3.782500000000000000e+04
3.784200000000000000e+04
3.785400000000000000e+04
3.786900000000000000e+04
3.788100000000000000e+04
3.790800000000000000e+04
3.793800000000000000e+04
3.794700000000000000e+04
3.797300000000000000e+04
3.798500000000000000e+04
3.799300000000000000e+04
3.800900000000000000e+04
3.801700000000000000e+04
3.802600000000000000e+04
3.805000000000000000e+04
3.805400000000000000e+04
3.806300000000000000e+04
3.807700000000000000e+04
3.808100000000000000e+04
3.812000000000000000e+04
3.812500000000000000e+04
3.816000000000000000e+04
3.817300000000000000e+04
3.818500000000000000e+04
3.819500000000000000e+04
3.820600000000000000e+04
3.822800000000000000e+04
3.824000000000000000e+04
